data/lib_pop.asc
ncols        495
nrows        504
xllcorner    -11.500000000067
yllcorner    4.349999999962
cellsize     0.008333333333
NODATA_value -2147483647
[rows 198 to 230 of 504, columns 296 to 369 of 495]
12 10 8 8 10 16 20 55 43 16 106 64 80 27 20 13 10 20 227 24 27 27 20 31 28 74 74 215 25 257 22 15 30 37 37 169 13 32 12 8 8 16 9 11 2 25 17 3 23 2 1 1 2 17 35 8 7 5 1 18 18 21 174 18 23 51 1 1 1 58 101 40 33 23
19 16 13 12 16 16 50 48 129 197 79 183 26 6 129 11 11 13 21 27 26 26 125 31 206 74 29 82 3 27 2 27 18 30 1130 143 84 29 29 29 13 13 9 36 13 7 9 55 19 2 10 0 2 23 38 5 8 17 129 122 21 23 21 21 18 23 50 15 51 111 22 121 25 127
50 55 20 20 19 19 19 173 197 636 29 220 127 24 21 201 4 11 13 18 26 20 26 23 31 126 27 75 16 14 10 15 15 33 23 36 84 13 13 13 15 27 10 87 32 11 15 19 169 16 11 1 1 5 5 38 16 17 9 13 18 21 18 17 13 22 18 21 58 500 69 121 105 25
50 20 18 18 20 19 190 177 197 27 26 28 82 65 27 26 64 18 11 16 27 224 27 26 23 202 27 14 8 16 70 12 15 74 27 23 87 22 22 13 27 36 10 68 32 11 11 3 2 17 2 1 1 1 1 1 11 3 1 122 16 21 6 21 123 21 18 182 58 125 57 149 149 18
34 44 50 50 16 16 24 197 74 637 28 29 74 74 81 27 24 24 21 21 24 29 23 28 23 31 299 31 16 18 12 58 15 15 13 13 13 5 5 15 27 8 3 11 11 9 9 19 11 3 5 7 1 1 5 5 4 3 124 10 15 19 15 18 21 10 7 10 18 18 21 22 140 149
22 22 34 48 16 48 82 74 81 74 28 29 27 18 227 16 27 45 45 45 23 24 24 27 3 26 31 21 18 3 21 58 23 13 13 13 13 65 32 36 5 7 1 33 10 11 9 11 11 2 4 7 1 1 5 5 1 1 8 6 9 7 9 15 13 0 1 2 8 10 13 123 8 40
101 48 32 32 14 24 197 29 63 16 56 65 58 45 45 24 41 969 41 45 45 128 206 23 20 29 31 36 18 18 21 23 23 13 63 23 23 15 5 32 15 3 8 1 1 11 15 1 11 2 7 6 5 1 1 1 1 5 9 33 13 1 7 13 8 3 1 2 19 1 1 9 1 33
110 25 63 21 126 27 221 74 57 31 12 44 74 113 41 24 45 46 46 36 27 16 100 58 107 170 31 36 27 30 30 10 27 151 23 23 23 5 15 36 36 1 5 9 1 2 10 11 1 10 1 10 8 1 5 1 5 6 122 33 90 11 14 8 23 1 34 0 10 26 9 9 9 11
17 43 45 161 27 28 75 61 64 24 21 21 74 27 21 21 27 27 29 30 21 3 3 21 50 18 517 300 27 19 56 20 25 27 23 23 23 9 15 15 15 5 8 33 124 36 98 11 15 3 120 90 10 8 5 1 6 9 11 10 23 9 5 7 1 5 5 0 19 26 10 9 10 25
37 45 45 15 14 176 128 125 45 27 27 27 27 224 27 27 11 27 82 24 5 3 2 12 18 27 61 41 51 29 153 421 205 21 23 23 23 9 5 13 15 4 1 169 147 13 13 13 2 2 10 1 1 9 5 5 7 11 125 10 8 5 2 5 1 8 8 8 22 9 26 26 63 39
12 10 28 12 15 37 329 276 45 27 27 74 27 27 27 82 16 27 255 27 41 5 12 12 18 29 126 51 51 82 50 56 205 25 23 4 3 2 1 13 32 15 1 10 1 11 3 1 1 3 1 13 11 9 1 5 7 10 10 11 10 5 9 5 1 26 10 26 9 60 10 26 26 26
10 7 7 37 45 15 12 30 98 36 21 58 21 29 29 41 14 29 24 27 82 27 113 26 30 23 1493 190 190 153 186 1656 691 122 23 3 1 9 9 9 2 22 10 10 13 2 36 11 13 2 11 124 2 2 1 5 5 9 13 11 11 9 7 5 5 8 10 9 60 10 10 26 10 1
28 7 7 37 45 17 14 7 7 7 10 10 18 29 10 5 3 4 29 4 74 130 398 41 30 51 46 31 237 99 31 124 50 39 23 23 9 9 1 11 2 11 15 15 124 13 101 13 3 3 11 13 2 1 1 1 5 7 10 13 11 3 10 9 2 52 60 63 26 26 10 9 60 11
12 14 14 14 372 45 14 28 10 7 3 1 5 7 1 1 3 7 9 12 12 29 5 24 24 29 29 61 61 387 51 56 50 39 23 23 9 9 11 17 13 27 27 23 11 2 3 13 1 3 13 2 7 5 5 1 1 1 7 10 13 11 36 11 13 7 12 10 15 15 10 26 9 16
15 37 14 17 15 127 14 15 14 10 1 1 1 7 7 1 5 9 12 13 1 2 12 12 29 27 36 36 56 339 155 51 50 50 13 1 9 9 17 24 255 24 4 9 8 1 11 11 13 3 13 10 5 5 1 1 1 1 9 7 10 33 13 3 68 15 20 12 9 60 60 9 13 21
15 3 17 17 17 14 14 21 3 14 1 2 1 12 13 10 12 14 10 14 92 14 14 14 124 93 36 27 27 128 51 23 56 50 3 9 2 16 3 27 23 17 1 9 5 1 9 3 11 11 403 22 5 15 15 2 1 5 5 5 5 9 11 33 36 35 35 82 82 35 60 11 18 23
30 11 14 17 99 66 33 1 3 4 2 10 2 1 2 3 12 8 21 123 18 1 9 16 12 12 21 16 41 61 51 23 17 50 23 23 17 17 27 24 17 11 2 9 27 1 1 3 192 36 10 9 5 2 1 2 1 2 5 1 5 9 10 1046 20 28 82 82 82 82 60 13 21 169
11 17 37 18 88 81 18 7 43 45 2 2 2 2 1 9 3 18 9 15 12 8 2 2 8 21 18 18 2 445 122 50 45 56 3 19 125 24 249 23 2 1 2 9 9 2 13 3 19 63 13 5 1 1 1 1 1 2 2 2 9 9 98 20 18 18 21 12 12 60 9 9 16 22
132 88 17 3 130 22 28 7 10 3 7 10 2 2 3 2 9 18 21 16 10 1 1 1 1 9 21 21 22 25 21 12 10 16 3 23 23 195 23 5 2 9 9 1 9 9 13 4 192 17 11 9 9 2 2 1 1 1 2 1 5 5 11 45 20 20 16 15 13 9 8 8 1 18
15 19 15 4 131 17 14 1 1 1 3 6 2 13 168 22 21 18 173 18 2 1 1 1 2 12 122 157 21 22 4 8 7 16 24 19 149 24 23 3 4 3 9 2 1 1 1 16 17 11 2 2 2 1 1 1 1 2 2 9 65 36 7 12 18 18 20 18 12 8 8 1 10 17
1 3 17 14 17 3 15 10 7 1 3 0 2 21 18 3 21 21 16 15 1 2 1 8 1 8 15 16 16 25 13 8 13 117 485 15 10 10 13 19 23 19 3 1 1 5 5 9 9 2 2 1 2 2 5 9 2 9 1 9 9 9 9 11 16 20 20 142 121 54 8 10 16 124
3 3 10 1 14 17 30 17 3 4 1 1 18 22 18 16 15 12 10 8 1 2 8 1 8 8 8 8 16 22 253 13 18 18 18 17 7 1 127 175 23 19 3 2 1 5 1 9 9 1 1 1 2 1 5 5 1 9 9 9 15 18 28 16 20 1029 202 202 185 108 108 124 21 160
15 12 7 7 14 3 3 3 3 4 2 3 3 2 2 5 1 5 10 5 1 2 12 2 16 16 2 3 16 5 22 192 18 21 3 9 5 5 11 17 10 13 13 10 7 9 2 5 5 1 1 2 2 1 1 2 2 2 9 9 15 28 278 20 16 60 121 30 185 172 7 20 152 20
1 7 1 1 3 127 4 6 6 2 2 4 5 2 2 2 1 1 168 25 30 1 3 21 21 21 21 3 21 3 10 18 16 8 1 2 9 9 9 9 13 11 2 13 10 32 9 9 9 1 1 2 2 1 2 1 2 1 9 15 2 28 36 18 18 18 18 14 181 20 133 20 133 22
3 7 1 1 1 14 3 4 4 2 3 4 16 2 8 1 7 2 21 32 30 12 21 172 16 21 21 21 21 5 14 13 2 4 2 1 9 9 9 9 9 1 11 1 13 13 9 9 1 2 1 5 1 2 2 5 9 9 13 3 15 20 36 20 16 18 108 108 14 13 92 18 169 121
23 7 7 12 14 17 17 225 3 4 2 3 10 2 8 5 1 12 9 10 12 44 16 4 3 21 18 13 13 18 14 10 2 2 1 2 8 9 1 2 5 9 17 13 13 17 2 27 1 2 2 1 1 1 1 1 1 7 7 7 7 28 36 36 26 95 18 31 21 14 12 18 18 20
11 7 7 14 1 1 17 30 4 2 10 8 8 1 10 2 1 12 168 21 2 2 6 15 2 12 13 21 21 21 21 21 16 10 8 8 8 2 2 2 1 1 16 11 192 17 1 1 1 1 1 1 1 1 1 1 2 7 1 7 9 16 20 3 16 12 16 16 49 20 8 16 19 56
4 3 1 1 3 10 17 12 9 4 1 1 8 15 4 2 2 18 21 3 2 4 9 4 7 9 21 12 160 117 12 172 2 12 5 8 1 9 1 1 2 1 1 3 3 1 1 1 2 1 1 1 1 1 1 1 1 1 1 7 9 13 5 3 36 20 14 31 27 22 11 11 -2147483647 -2147483647
3 43 10 1 1 12 26 12 16 6 1 5 15 4 12 2 12 10 2 3 18 4 13 2 1 1 2 16 14 12 2 2 12 8 1 5 15 2 2 1 1 2 1 3 1 2 2 1 1 1 1 1 1 1 1 1 1 1 1 7 7 2 2 4 3 16 12 20 16 24 -2147483647 8 -2147483647 -2147483647
4 3 10 3 3 26 10 172 21 3 8 12 16 3 21 10 9 9 2 13 13 122 12 9 2 5 8 16 14 13 2 12 12 10 8 1 15 1 1 2 1 1 1 1 1 2 1 2 1 1 1 2 2 2 3 1 1 2 1 1 1 7 3 20 4 16 16 20 21 -2147483647 -2147483647 -2147483647 -2147483647 -2147483647
1 14 1 3 4 26 12 12 10 1 9 18 21 1 12 8 8 10 12 12 173 18 18 89 18 15 15 10 14 32 2 12 9 92 9 4 8 9 1 2 1 5 9 1 1 1 1 2 2 1 1 1 2 2 2 1 2 1 1 1 1 11 2 4 3 157 20 18 20 19 -2147483647 -2147483647 -2147483647 -2147483647
15 14 14 3 4 10 9 9 12 12 1 12 122 2 44 29 107 173 4 21 21 10 22 123 16 16 21 25 172 5 9 13 122 9 6 5 1 9 2 1 1 9 9 1 3 2 2 2 1 1 1 1 3 3 3 1 9 7 1 10 11 16 20 159 18 126 19 127 -2147483647 -2147483647 -2147483647 -2147483647 -2147483647 -2147483647
123 19 17 3 2 2 5 8 12 12 21 2 16 2 10 5 2 4 16 1 1 12 90 10 9 12 134 14 4 2 4 41 32 16 5 1 1 1 1 1 1 15 5 1 1 1 2 2 1 1 1 1 2 1 13 13 43 15 13 14 18 18 16 127 20 -2147483647 -2147483647 -2147483647 -2147483647 -2147483647 -2147483647 -2147483647 -2147483647 -2147483647
