data/lib_pop.asc
ncols        495
nrows        504
xllcorner    -11.500000000067
yllcorner    4.349999999962
cellsize     0.008333333333
NODATA_value -2147483647
[rows 264 to 296 of 504, columns 296 to 369 of 495]
3 2 0 0 0 1 3 3 3 3 3 3 1 0 17 5 7 11 10 4 4 14 0 0 0 0 0 1 3 0 0 1 1 0 0 0 0 4 4 18 0 1 3 3 3 1 0 1 1 0 2 1 2 0 0 5 5 5 53 14 5 12 126 1 1 1 2 39 1 1 1 1 1 2
3 3 0 3 3 3 3 3 3 3 3 20 25 201 20 3 3 5 5 6 6 18 1 0 0 0 0 0 3 0 0 1 0 0 1 0 0 0 7 0 0 0 9 11 2 2 2 0 0 2 2 1 2 1 9 1 9 35 39 14 5 9 141 0 1 7 10 53 8 2 1 2 1 1
3 3 9 9 3 3 3 4 1 5 0 6 5 1 0 0 0 0 0 0 4 0 0 0 0 0 0 1 0 1 0 0 0 0 1 0 0 0 0 0 1 7 11 11 12 2 1 1 0 0 0 1 1 1 3 9 22 5 75 13 5 6 21 10 7 71 53 53 14 2 8 8 1 2
0 0 3 3 5 5 5 5 6 1 1 1 8 6 5 3 3 0 4 7 0 0 0 0 0 0 0 0 0 0 1 0 0 0 0 0 1 0 0 0 1 11 4 11 10 2 7 4 0 0 0 0 0 5 5 7 5 123 93 6 4 5 5 8 7 14 8 2 14 14 1 3 2 1
0 1 3 1 6 1 113 8 55 5 3 7 7 7 5 3 1 0 0 0 0 0 0 0 0 1 0 0 0 0 0 0 1 0 0 0 0 2 0 3 5 30 12 12 1 0 0 0 5 2 0 0 0 3 7 35 7 5 6 5 1 3 4 3 4 5 5 8 8 1 1 3 16 18
3 5 6 7 6 1 1 7 1 1 1 4 0 27 5 3 0 0 0 0 0 0 0 0 1 0 0 3 0 1 0 0 0 1 1 1 0 2 2 4 11 141 16 11 2 2 0 19 19 21 3 2 2 1 7 7 91 7 39 7 31 1 3 2 8 5 13 5 6 5 14 8 2 54
4 3 117 9 7 1 1 1 1 5 1 4 55 48 5 3 0 0 0 0 0 0 1 1 1 1 0 1 0 0 1 0 0 1 1 0 0 0 3 5 9 13 11 3 1 1 0 4 19 4 0 3 1 1 3 5 6 7 44 14 5 6 2 7 5 14 14 13 5 4 1 1 1 93
5 7 6 9 117 1 0 0 1 1 0 4 4 6 4 3 0 0 0 1 1 0 1 0 0 0 0 0 0 0 0 1 0 0 1 0 0 0 3 5 3 5 0 1 0 0 2 0 0 0 2 1 6 3 0 0 1 4 6 14 6 8 7 4 6 14 5 5 7 5 1 20 23 8
7 1 7 1 1 0 0 0 1 7 7 7 8 5 1 0 0 14 1 1 1 0 1 1 0 0 0 0 0 0 1 0 1 0 0 0 0 3 9 7 5 5 1 1 1 1 1 0 0 3 7 4 1 1 0 2 4 5 5 14 14 5 5 5 5 8 6 4 5 5 3 7 8 7
7 0 38 1 1 0 0 2 3 4 4 4 4 5 1 1 0 5 79 1 1 0 3 0 0 0 1 1 0 0 0 0 0 0 0 0 0 3 16 14 7 3 1 1 1 1 0 4 1 2 2 1 1 5 5 0 1 6 5 21 14 14 148 8 7 8 19 4 0 2 3 12 7 7
1 3 0 2 0 2 1 5 3 6 18 4 12 4 4 1 1 1 1 1 0 0 3 1 0 3 0 0 0 1 0 0 1 0 0 3 4 14 156 16 7 1 1 0 1 0 0 0 1 1 4 5 1 1 1 1 1 3 16 9 5 217 11 8 8 174 13 5 3 3 7 7 8 7
4 4 1 1 0 0 1 9 2 3 4 116 41 27 26 0 1 1 1 0 1 21 1 0 0 1 0 0 0 0 0 0 0 0 1 0 3 11 15 15 2 0 1 1 1 1 1 1 1 1 0 1 1 1 1 2 3 15 5 5 5 19 15 5 5 6 134 6 4 5 116 7 8 8
4 4 1 3 0 1 2 3 3 3 3 4 6 4 26 0 12 3 0 0 7 21 1 1 1 0 1 0 0 0 0 0 1 1 1 1 3 11 15 13 2 0 1 1 2 1 1 1 1 1 0 1 1 0 5 11 16 36 14 6 5 21 19 5 15 37 39 13 6 6 129 7 8 8
1 7 117 5 1 0 2 3 3 3 1 3 4 4 1 1 4 5 1 0 1 1 1 1 1 0 1 2 1 0 0 1 1 0 0 4 10 15 12 2 2 1 1 0 1 1 1 1 1 5 1 1 1 5 1 2 44 33 5 5 6 24 6 7 25 17 125 14 14 217 20 19 8 8
0 25 4 1 1 3 0 1 3 3 3 0 3 4 118 0 15 9 1 2 0 1 1 1 0 0 3 3 0 3 0 1 1 1 0 4 299 125 15 3 1 1 1 1 0 1 1 1 1 5 3 3 1 1 2 7 23 30 15 5 6 24 14 21 34 7 35 5 5 10 19 399 190 23
11 3 1 0 0 0 1 0 1 1 1 0 0 1 1 0 2 0 1 1 2 2 1 1 0 0 1 3 1 0 0 1 0 0 1 8 14 15 15 2 1 1 1 4 4 5 1 1 1 1 0 5 1 1 15 50 15 2 15 3 35 71 141 15 1 5 5 8 20 9 111 200 84 7
6 3 27 1 0 0 1 1 0 5 0 5 3 5 5 0 1 0 0 12 0 3 2 0 0 0 0 5 6 1 5 0 3 0 3 3 7 11 15 3 10 1 1 3 1 1 1 0 1 1 1 1 1 36 55 36 1 2 2 2 82 44 7 1 1 5 5 8 7 12 19 8 6 39
5 3 1 1 0 1 1 1 0 0 0 0 6 5 2 0 2 1 0 1 1 0 1 2 2 2 80 29 0 6 117 3 1 2 5 5 5 9 3 230 15 1 4 0 0 0 1 3 1 1 1 1 14 44 30 11 1 1 12 102 73 10 5 4 1 115 9 129 8 21 9 6 4 4
17 25 25 27 17 6 5 0 4 5 0 0 0 0 0 21 1 1 1 1 1 0 1 1 3 3 2 1 4 4 4 3 3 3 5 5 5 8 12 2 3 1 1 0 0 0 5 5 5 5 5 5 14 44 44 10 9 1 15 30 15 15 15 70 9 6 8 7 7 12 6 5 2 2
17 25 25 1 22 5 6 5 21 7 3 5 1 1 0 12 0 1 0 1 1 1 1 0 1 1 0 2 3 34 4 14 5 1 5 1 5 7 2 2 2 2 1 1 1 3 23 5 1 1 5 3 11 15 26 10 11 15 2 7 8 8 127 5 7 1 7 7 21 12 8 6 4 4
6 20 27 1 25 17 4 0 21 1 21 21 1 1 0 0 0 0 1 1 0 0 0 0 1 0 0 1 170 3 2 4 3 5 1 1 1 1 2 3 1 2 1 1 3 3 1 1 1 1 4 5 11 23 16 1 1 9 10 12 8 8 116 8 8 8 9 119 19 174 1156 8 6 2
7 14 1 1 48 28 21 1 21 1 0 1 0 1 0 0 0 0 0 0 0 0 0 0 2 2 1 3 1 9 1 1 3 3 0 0 1 1 1 2 3 2 2 2 1 3 3 0 2 10 4 5 6 8 118 28 11 8 9 9 12 5 8 11 8 8 87 117 7 8 16 18 8 6
0 0 1 1 8 1 1 0 1 0 1 1 1 0 0 0 1 0 1 1 0 0 0 3 3 2 3 1 0 3 3 1 1 0 1 0 1 0 1 1 2 2 2 3 11 6 5 3 3 5 5 6 8 8 11 9 229 10 9 7 4 5 8 10 10 10 9 8 44 6 7 16 9 6
1 0 1 1 6 0 1 0 1 1 0 1 1 1 1 0 1 1 1 2 2 2 0 2 3 3 1 0 0 0 1 0 0 3 0 0 0 1 1 1 1 2 11 186 12 5 16 3 9 5 4 8 143 8 45 8 24 8 23 17 6 6 6 9 9 7 6 17 2 2 51 16 63 6
0 1 27 1 1 0 1 0 1 1 1 0 0 0 0 1 1 0 1 0 0 1 0 3 3 8 0 3 1 1 0 0 0 1 0 4 1 1 1 1 1 3 8 11 2 1 5 9 6 5 6 11 7 7 7 7 8 8 9 25 41 34 9 9 7 2 4 7 13 2 7 13 82 7
6 35 48 28 10 1 1 1 0 0 1 0 0 1 0 21 1 1 1 0 0 0 1 2 1 1 1 3 1 0 0 0 4 0 2 4 0 0 2 1 1 5 10 7 2 5 5 19 20 9 11 9 130 7 130 8 8 66 8 9 9 122 87 8 39 2 3 3 3 3 5 7 2 9
17 1 1 4 4 1 1 1 1 1 1 0 0 1 0 1 1 0 0 0 0 4 1 3 1 1 0 1 1 0 1 1 0 0 0 0 0 0 1 1 1 5 10 10 11 11 1 7 10 25 10 208 115 8 8 8 8 119 10 10 9 10 9 6 4 2 3 3 3 3 2 2 13 13
0 0 1 12 5 1 0 1 2 0 0 0 7 0 0 21 1 0 0 0 0 1 1 3 0 0 0 1 1 0 0 4 1 1 0 1 0 0 0 4 0 0 0 19 1 3 1 8 142 8 8 10 10 8 130 7 8 7 7 7 5 5 12 2 2 7 3 3 3 3 3 2 13 13
1 1 6 6 12 5 1 1 1 0 1 0 0 5 21 0 4 7 0 0 0 0 3 3 1 0 0 0 1 0 0 1 1 0 1 2 2 1 1 1 4 2 1 1 3 2 7 8 8 7 7 9 143 8 8 12 7 8 8 7 3 7 7 3 3 0 0 2 13 4 1 7 7 3
0 3 5 113 56 5 3 1 1 0 0 0 0 4 21 0 5 6 0 0 0 0 0 3 1 1 1 0 1 1 1 1 0 0 0 2 1 2 2 0 0 0 0 0 13 4 8 7 7 12 7 8 8 7 3 7 5 8 8 7 1 3 3 2 1 0 0 0 0 0 0 13 3 3
3 0 1 1 4 3 0 0 0 1 0 0 0 7 4 6 4 3 0 0 0 1 3 134 1 0 0 1 0 0 0 0 0 1 1 3 1 3 1 0 1 1 1 0 1 6 11 7 7 7 8 7 7 7 7 5 12 8 8 7 3 1 0 0 1 2 0 2 0 0 2 3 2 3
1 0 0 0 4 3 0 0 0 1 0 1 0 6 5 3 7 5 0 0 0 0 5 0 0 1 0 1 1 1 1 0 0 0 0 1 1 1 2 1 6 1 3 6 1 8 8 8 8 7 8 7 8 8 8 8 7 1 8 7 3 3 2 0 0 0 0 1 1 0 0 0 0 0
0 3 2 0 0 0 0 3 5 4 0 0 1 0 0 7 5 4 21 1 0 1 3 1 0 3 0 1 0 0 0 1 0 0 1 0 1 2 1 1 7 116 1 7 7 8 8 7 119 8 129 3 2 8 8 130 7 8 8 7 3 1 0 0 0 0 0 0 1 0 2 0 1 0
