data/lib_pop.asc
ncols        495
nrows        504
xllcorner    -11.500000000067
yllcorner    4.349999999962
cellsize     0.008333333333
NODATA_value -2147483647
[rows 429 to 461 of 504, columns 296 to 369 of 495]
-2147483647 -2147483647 -2147483647 -2147483647 -2147483647 0 0 1 1 1 1 1 0 1 1 1 2 2 2 2 2 2 1 1 1 0 1 1 1 2 2 4 4 1 6 6 4 2 2 0 4 178 3 20 5 6 1 1 0 0 0 0 1 1 2 2 5 5 16 16 16 3 1 1 5 4 0 1 1 0 1 16 21 21
-2147483647 -2147483647 -2147483647 -2147483647 -2147483647 -2147483647 -2147483647 -2147483647 -2147483647 0 1 1 0 0 1 2 2 2 3 2 2 1 1 1 0 1 1 1 2 2 2 2 1 1 6 3 30 4 2 2 108 3 3 20 40 4 0 0 0 0 0 0 2 1 0 2 5 5 5 3 13 5 1 0 3 0 1 0 0 0 1 2 21 21
-2147483647 -2147483647 -2147483647 -2147483647 -2147483647 -2147483647 -2147483647 -2147483647 -2147483647 -2147483647 -2147483647 -2147483647 0 0 1 2 2 2 2 1 1 1 1 1 1 1 2 0 2 0 0 0 2 4 5 109 7 5 4 2 2 13 112 4 30 1 0 0 0 0 0 0 0 0 0 1 1 1 1 3 18 3 3 5 0 3 1 0 0 5 0 3 21 21
-2147483647 -2147483647 -2147483647 -2147483647 -2147483647 -2147483647 -2147483647 -2147483647 -2147483647 -2147483647 -2147483647 -2147483647 -2147483647 -2147483647 -2147483647 21 2 4 4 4 3 2 2 2 2 2 2 2 2 0 0 0 2 2 4 6 48 5 5 4 2 111 3 18 20 0 0 0 0 0 0 0 0 0 0 0 1 0 3 3 16 3 2 3 0 4 1 3 4 0 0 3 4 3
-2147483647 -2147483647 -2147483647 -2147483647 -2147483647 -2147483647 -2147483647 -2147483647 -2147483647 -2147483647 -2147483647 -2147483647 -2147483647 -2147483647 -2147483647 -2147483647 -2147483647 5 4 4 1 1 2 2 0 2 2 2 0 0 0 0 0 1 1 1 6 113 5 4 6 48 111 35 3 0 0 0 0 0 0 0 0 0 2 1 0 1 3 1 3 0 0 0 7 4 5 3 0 0 3 4 0 2
-2147483647 -2147483647 -2147483647 -2147483647 -2147483647 -2147483647 -2147483647 -2147483647 -2147483647 -2147483647 -2147483647 -2147483647 -2147483647 -2147483647 -2147483647 -2147483647 -2147483647 -2147483647 -2147483647 0 4 4 3 0 2 2 0 0 2 0 1 1 1 1 1 1 6 3 2 6 5 6 6 7 1 1 0 0 0 0 0 0 0 0 0 4 1 3 5 4 0 5 4 4 1 0 0 2 0 0 0 21 21 37
-2147483647 -2147483647 -2147483647 -2147483647 -2147483647 -2147483647 -2147483647 -2147483647 -2147483647 -2147483647 -2147483647 -2147483647 -2147483647 -2147483647 -2147483647 -2147483647 -2147483647 -2147483647 -2147483647 -2147483647 -2147483647 129 0 3 2 2 2 0 2 0 0 1 1 1 1 1 4 2 6 111 5 1 6 1 1 1 1 0 0 0 0 0 0 0 0 0 1 4 0 1 1 3 1 1 1 0 5 3 4 0 2 11 3 2
-2147483647 -2147483647 -2147483647 -2147483647 -2147483647 -2147483647 -2147483647 -2147483647 -2147483647 -2147483647 -2147483647 -2147483647 -2147483647 -2147483647 -2147483647 -2147483647 -2147483647 -2147483647 -2147483647 -2147483647 -2147483647 -2147483647 108 4 3 2 2 2 2 0 0 1 1 6 1 1 6 6 6 6 4 2 4 7 6 1 1 1 0 0 0 0 0 0 1 1 0 0 0 3 1 0 0 2 2 0 0 0 0 0 2 5 57 7
-2147483647 -2147483647 -2147483647 -2147483647 -2147483647 -2147483647 -2147483647 -2147483647 -2147483647 -2147483647 -2147483647 -2147483647 -2147483647 -2147483647 -2147483647 -2147483647 -2147483647 -2147483647 -2147483647 -2147483647 -2147483647 -2147483647 77 4 4 4 1 0 0 0 2 108 48 6 1 1 1 6 103 6 4 0 1 5 1 111 1 1 0 0 0 0 0 2 2 1 5 4 3 3 0 2 3 3 0 1 1 0 0 0 5 31 57 34
-2147483647 -2147483647 -2147483647 -2147483647 -2147483647 -2147483647 -2147483647 -2147483647 -2147483647 -2147483647 -2147483647 -2147483647 -2147483647 -2147483647 -2147483647 -2147483647 -2147483647 -2147483647 -2147483647 -2147483647 -2147483647 -2147483647 -2147483647 4 4 4 4 1 2 0 0 4 6 1 1 1 1 4 48 5 4 2 3 5 7 7 1 1 0 0 3 0 1 1 0 0 1 1 0 3 0 2 1 0 0 0 4 0 0 0 9 106 102 51
-2147483647 -2147483647 -2147483647 -2147483647 -2147483647 -2147483647 -2147483647 -2147483647 -2147483647 -2147483647 -2147483647 -2147483647 -2147483647 -2147483647 -2147483647 -2147483647 -2147483647 -2147483647 -2147483647 -2147483647 -2147483647 -2147483647 -2147483647 -2147483647 -2147483647 15 4 4 3 2 0 4 5 1 1 4 2 3 4 4 0 2 14 7 105 6 1 0 0 1 0 0 0 5 5 1 0 0 0 0 1 3 1 1 1 0 4 4 4 0 2 244 18 50
-2147483647 -2147483647 -2147483647 -2147483647 -2147483647 -2147483647 -2147483647 -2147483647 -2147483647 -2147483647 -2147483647 -2147483647 -2147483647 -2147483647 -2147483647 -2147483647 -2147483647 -2147483647 -2147483647 -2147483647 -2147483647 -2147483647 -2147483647 -2147483647 -2147483647 -2147483647 -2147483647 182 4 3 0 4 1 5 2 2 1 1 2 2 0 1 6 66 1 1 0 0 1 1 0 0 1 1 0 1 0 1 0 0 1 1 1 0 5 4 4 0 0 0 0 24 21 10
-2147483647 -2147483647 -2147483647 -2147483647 -2147483647 -2147483647 -2147483647 -2147483647 -2147483647 -2147483647 -2147483647 -2147483647 -2147483647 -2147483647 -2147483647 -2147483647 -2147483647 -2147483647 -2147483647 -2147483647 -2147483647 -2147483647 -2147483647 -2147483647 -2147483647 -2147483647 -2147483647 2 4 4 3 6 3 2 5 5 4 1 1 0 1 1 1 2 1 0 0 0 1 1 5 5 0 1 0 0 0 0 1 0 1 1 3 1 5 4 4 0 0 0 0 0 127 134
-2147483647 -2147483647 -2147483647 -2147483647 -2147483647 -2147483647 -2147483647 -2147483647 -2147483647 -2147483647 -2147483647 -2147483647 -2147483647 -2147483647 -2147483647 -2147483647 -2147483647 -2147483647 -2147483647 -2147483647 -2147483647 -2147483647 -2147483647 -2147483647 -2147483647 -2147483647 -2147483647 -2147483647 0 751 4 6 5 4 2 1 1 48 1 1 1 1 1 1 1 0 0 0 1 0 5 5 1 1 0 1 0 0 0 0 0 0 5 5 5 5 4 0 0 0 1 5 9 7
-2147483647 -2147483647 -2147483647 -2147483647 -2147483647 -2147483647 -2147483647 -2147483647 -2147483647 -2147483647 -2147483647 -2147483647 -2147483647 -2147483647 -2147483647 -2147483647 -2147483647 -2147483647 -2147483647 -2147483647 -2147483647 -2147483647 -2147483647 -2147483647 -2147483647 -2147483647 -2147483647 -2147483647 -2147483647 0 4 4 113 4 1 2 4 1 1 1 1 1 1 1 0 0 0 1 0 1 1 0 0 1 0 1 1 0 1 0 1 5 5 5 5 4 0 0 0 0 12 6 7 24
-2147483647 -2147483647 -2147483647 -2147483647 -2147483647 -2147483647 -2147483647 -2147483647 -2147483647 -2147483647 -2147483647 -2147483647 -2147483647 -2147483647 -2147483647 -2147483647 -2147483647 -2147483647 -2147483647 -2147483647 -2147483647 -2147483647 -2147483647 -2147483647 -2147483647 -2147483647 -2147483647 -2147483647 -2147483647 -2147483647 -2147483647 1 3 2 3 4 6 4 5 7 7 5 3 2 0 0 1 0 1 1 1 1 0 0 1 1 1 0 5 5 5 5 5 5 0 0 0 0 0 0 0 5 8 11
-2147483647 -2147483647 -2147483647 -2147483647 -2147483647 -2147483647 -2147483647 -2147483647 -2147483647 -2147483647 -2147483647 -2147483647 -2147483647 -2147483647 -2147483647 -2147483647 -2147483647 -2147483647 -2147483647 -2147483647 -2147483647 -2147483647 -2147483647 -2147483647 -2147483647 -2147483647 -2147483647 -2147483647 -2147483647 -2147483647 -2147483647 -2147483647 -2147483647 0 0 4 4 4 6 7 6 5 4 2 7 5 0 0 1 0 0 1 0 1 1 5 5 5 5 5 5 5 5 4 0 0 0 0 0 0 4 4 2 4
-2147483647 -2147483647 -2147483647 -2147483647 -2147483647 -2147483647 -2147483647 -2147483647 -2147483647 -2147483647 -2147483647 -2147483647 -2147483647 -2147483647 -2147483647 -2147483647 -2147483647 -2147483647 -2147483647 -2147483647 -2147483647 -2147483647 -2147483647 -2147483647 -2147483647 -2147483647 -2147483647 -2147483647 -2147483647 -2147483647 -2147483647 -2147483647 -2147483647 -2147483647 -2147483647 -2147483647 0 112 5 1 4 7 3 14 2 1 1 0 0 24 1 1 0 0 5 5 5 5 5 5 5 5 5 0 0 0 0 0 0 4 4 3 4 5
-2147483647 -2147483647 -2147483647 -2147483647 -2147483647 -2147483647 -2147483647 -2147483647 -2147483647 -2147483647 -2147483647 -2147483647 -2147483647 -2147483647 -2147483647 -2147483647 -2147483647 -2147483647 -2147483647 -2147483647 -2147483647 -2147483647 -2147483647 -2147483647 -2147483647 -2147483647 -2147483647 -2147483647 -2147483647 -2147483647 -2147483647 -2147483647 -2147483647 -2147483647 -2147483647 -2147483647 -2147483647 0 4 5 5 12 14 12 14 2 2 5 5 13 0 0 0 1 5 5 5 5 5 5 5 4 4 0 0 0 0 0 4 4 0 0 20 0
-2147483647 -2147483647 -2147483647 -2147483647 -2147483647 -2147483647 -2147483647 -2147483647 -2147483647 -2147483647 -2147483647 -2147483647 -2147483647 -2147483647 -2147483647 -2147483647 -2147483647 -2147483647 -2147483647 -2147483647 -2147483647 -2147483647 -2147483647 -2147483647 -2147483647 -2147483647 -2147483647 -2147483647 -2147483647 -2147483647 -2147483647 -2147483647 -2147483647 -2147483647 -2147483647 -2147483647 -2147483647 111 3320 319 11 9 7 12 12 3 12 9 5 0 1 0 1 5 5 5 5 5 5 4 4 4 0 0 0 0 0 4 4 0 3 2 1 5
-2147483647 -2147483647 -2147483647 -2147483647 -2147483647 -2147483647 -2147483647 -2147483647 -2147483647 -2147483647 -2147483647 -2147483647 -2147483647 -2147483647 -2147483647 -2147483647 -2147483647 -2147483647 -2147483647 -2147483647 -2147483647 -2147483647 -2147483647 -2147483647 -2147483647 -2147483647 -2147483647 -2147483647 -2147483647 -2147483647 -2147483647 -2147483647 -2147483647 -2147483647 -2147483647 -2147483647 -2147483647 -2147483647 -2147483647 -2147483647 0 5 4 7 9 11 9 12 9 5 5 0 1 5 5 5 5 5 5 4 4 4 0 0 0 0 3 4 3 0 0 2 13 11
-2147483647 -2147483647 -2147483647 -2147483647 -2147483647 -2147483647 -2147483647 -2147483647 -2147483647 -2147483647 -2147483647 -2147483647 -2147483647 -2147483647 -2147483647 -2147483647 -2147483647 -2147483647 -2147483647 -2147483647 -2147483647 -2147483647 -2147483647 -2147483647 -2147483647 -2147483647 -2147483647 -2147483647 -2147483647 -2147483647 -2147483647 -2147483647 -2147483647 -2147483647 -2147483647 -2147483647 -2147483647 -2147483647 -2147483647 -2147483647 -2147483647 -2147483647 -2147483647 -2147483647 20 4 11 9 9 8 5 1 5 5 5 5 5 5 5 4 0 4 4 0 0 0 10 4 0 1 1 0 1 6
-2147483647 -2147483647 -2147483647 -2147483647 -2147483647 -2147483647 -2147483647 -2147483647 -2147483647 -2147483647 -2147483647 -2147483647 -2147483647 -2147483647 -2147483647 -2147483647 -2147483647 -2147483647 -2147483647 -2147483647 -2147483647 -2147483647 -2147483647 -2147483647 -2147483647 -2147483647 -2147483647 -2147483647 -2147483647 -2147483647 -2147483647 -2147483647 -2147483647 -2147483647 -2147483647 -2147483647 -2147483647 -2147483647 -2147483647 -2147483647 -2147483647 -2147483647 -2147483647 -2147483647 -2147483647 -2147483647 3 15 151 9 7 5 5 5 5 5 5 5 5 4 4 4 3 0 0 0 4 4 0 0 3 5 6 6
-2147483647 -2147483647 -2147483647 -2147483647 -2147483647 -2147483647 -2147483647 -2147483647 -2147483647 -2147483647 -2147483647 -2147483647 -2147483647 -2147483647 -2147483647 -2147483647 -2147483647 -2147483647 -2147483647 -2147483647 -2147483647 -2147483647 -2147483647 -2147483647 -2147483647 -2147483647 -2147483647 -2147483647 -2147483647 -2147483647 -2147483647 -2147483647 -2147483647 -2147483647 -2147483647 -2147483647 -2147483647 -2147483647 -2147483647 -2147483647 -2147483647 -2147483647 -2147483647 -2147483647 -2147483647 -2147483647 -2147483647 -2147483647 -2147483647 -2147483647 2 5 5 5 5 5 5 5 5 4 4 4 10 4 4 4 4 4 0 0 0 17 21 30
-2147483647 -2147483647 -2147483647 -2147483647 -2147483647 -2147483647 -2147483647 -2147483647 -2147483647 -2147483647 -2147483647 -2147483647 -2147483647 -2147483647 -2147483647 -2147483647 -2147483647 -2147483647 -2147483647 -2147483647 -2147483647 -2147483647 -2147483647 -2147483647 -2147483647 -2147483647 -2147483647 -2147483647 -2147483647 -2147483647 -2147483647 -2147483647 -2147483647 -2147483647 -2147483647 -2147483647 -2147483647 -2147483647 -2147483647 -2147483647 -2147483647 -2147483647 -2147483647 -2147483647 -2147483647 -2147483647 -2147483647 -2147483647 -2147483647 -2147483647 -2147483647 -2147483647 4 0 0 0 0 9 5 4 4 4 4 4 4 4 4 4 0 3 0 0 3 2
-2147483647 -2147483647 -2147483647 -2147483647 -2147483647 -2147483647 -2147483647 -2147483647 -2147483647 -2147483647 -2147483647 -2147483647 -2147483647 -2147483647 -2147483647 -2147483647 -2147483647 -2147483647 -2147483647 -2147483647 -2147483647 -2147483647 -2147483647 -2147483647 -2147483647 -2147483647 -2147483647 -2147483647 -2147483647 -2147483647 -2147483647 -2147483647 -2147483647 -2147483647 -2147483647 -2147483647 -2147483647 -2147483647 -2147483647 -2147483647 -2147483647 -2147483647 -2147483647 -2147483647 -2147483647 -2147483647 -2147483647 -2147483647 -2147483647 -2147483647 -2147483647 -2147483647 -2147483647 -2147483647 0 0 8 9 6 5 6 4 4 4 4 4 4 4 3 0 0 0 2 2
-2147483647 -2147483647 -2147483647 -2147483647 -2147483647 -2147483647 -2147483647 -2147483647 -2147483647 -2147483647 -2147483647 -2147483647 -2147483647 -2147483647 -2147483647 -2147483647 -2147483647 -2147483647 -2147483647 -2147483647 -2147483647 -2147483647 -2147483647 -2147483647 -2147483647 -2147483647 -2147483647 -2147483647 -2147483647 -2147483647 -2147483647 -2147483647 -2147483647 -2147483647 -2147483647 -2147483647 -2147483647 -2147483647 -2147483647 -2147483647 -2147483647 -2147483647 -2147483647 -2147483647 -2147483647 -2147483647 -2147483647 -2147483647 -2147483647 -2147483647 -2147483647 -2147483647 -2147483647 -2147483647 -2147483647 -2147483647 0 22 9 14 10 9 6 4 4 3 4 0 4 4 4 0 2 3
-2147483647 -2147483647 -2147483647 -2147483647 -2147483647 -2147483647 -2147483647 -2147483647 -2147483647 -2147483647 -2147483647 -2147483647 -2147483647 -2147483647 -2147483647 -2147483647 -2147483647 -2147483647 -2147483647 -2147483647 -2147483647 -2147483647 -2147483647 -2147483647 -2147483647 -2147483647 -2147483647 -2147483647 -2147483647 -2147483647 -2147483647 -2147483647 -2147483647 -2147483647 -2147483647 -2147483647 -2147483647 -2147483647 -2147483647 -2147483647 -2147483647 -2147483647 -2147483647 -2147483647 -2147483647 -2147483647 -2147483647 -2147483647 -2147483647 -2147483647 -2147483647 -2147483647 -2147483647 -2147483647 -2147483647 -2147483647 -2147483647 -2147483647 -2147483647 119 7 7 6 7 4 4 4 4 4 4 4 4 5 9
-2147483647 -2147483647 -2147483647 -2147483647 -2147483647 -2147483647 -2147483647 -2147483647 -2147483647 -2147483647 -2147483647 -2147483647 -2147483647 -2147483647 -2147483647 -2147483647 -2147483647 -2147483647 -2147483647 -2147483647 -2147483647 -2147483647 -2147483647 -2147483647 -2147483647 -2147483647 -2147483647 -2147483647 -2147483647 -2147483647 -2147483647 -2147483647 -2147483647 -2147483647 -2147483647 -2147483647 -2147483647 -2147483647 -2147483647 -2147483647 -2147483647 -2147483647 -2147483647 -2147483647 -2147483647 -2147483647 -2147483647 -2147483647 -2147483647 -2147483647 -2147483647 -2147483647 -2147483647 -2147483647 -2147483647 -2147483647 -2147483647 -2147483647 -2147483647 -2147483647 0 0 7 6 7 4 4 4 4 4 4 4 4 5
-2147483647 -2147483647 -2147483647 -2147483647 -2147483647 -2147483647 -2147483647 -2147483647 -2147483647 -2147483647 -2147483647 -2147483647 -2147483647 -2147483647 -2147483647 -2147483647 -2147483647 -2147483647 -2147483647 -2147483647 -2147483647 -2147483647 -2147483647 -2147483647 -2147483647 -2147483647 -2147483647 -2147483647 -2147483647 -2147483647 -2147483647 -2147483647 -2147483647 -2147483647 -2147483647 -2147483647 -2147483647 -2147483647 -2147483647 -2147483647 -2147483647 -2147483647 -2147483647 -2147483647 -2147483647 -2147483647 -2147483647 -2147483647 -2147483647 -2147483647 -2147483647 -2147483647 -2147483647 -2147483647 -2147483647 -2147483647 -2147483647 -2147483647 -2147483647 -2147483647 -2147483647 -2147483647 2 108 6 6 6 4 4 4 12 4 4 7
-2147483647 -2147483647 -2147483647 -2147483647 -2147483647 -2147483647 -2147483647 -2147483647 -2147483647 -2147483647 -2147483647 -2147483647 -2147483647 -2147483647 -2147483647 -2147483647 -2147483647 -2147483647 -2147483647 -2147483647 -2147483647 -2147483647 -2147483647 -2147483647 -2147483647 -2147483647 -2147483647 -2147483647 -2147483647 -2147483647 -2147483647 -2147483647 -2147483647 -2147483647 -2147483647 -2147483647 -2147483647 -2147483647 -2147483647 -2147483647 -2147483647 -2147483647 -2147483647 -2147483647 -2147483647 -2147483647 -2147483647 -2147483647 -2147483647 -2147483647 -2147483647 -2147483647 -2147483647 -2147483647 -2147483647 -2147483647 -2147483647 -2147483647 -2147483647 -2147483647 -2147483647 -2147483647 -2147483647 0 8 9 7 7 4 4 4 4 4 4
-2147483647 -2147483647 -2147483647 -2147483647 -2147483647 -2147483647 -2147483647 -2147483647 -2147483647 -2147483647 -2147483647 -2147483647 -2147483647 -2147483647 -2147483647 -2147483647 -2147483647 -2147483647 -2147483647 -2147483647 -2147483647 -2147483647 -2147483647 -2147483647 -2147483647 -2147483647 -2147483647 -2147483647 -2147483647 -2147483647 -2147483647 -2147483647 -2147483647 -2147483647 -2147483647 -2147483647 -2147483647 -2147483647 -2147483647 -2147483647 -2147483647 -2147483647 -2147483647 -2147483647 -2147483647 -2147483647 -2147483647 -2147483647 -2147483647 -2147483647 -2147483647 -2147483647 -2147483647 -2147483647 -2147483647 -2147483647 -2147483647 -2147483647 -2147483647 -2147483647 -2147483647 -2147483647 -2147483647 -2147483647 -2147483647 0 111 6 6 4 4 4 4 4
-2147483647 -2147483647 -2147483647 -2147483647 -2147483647 -2147483647 -2147483647 -2147483647 -2147483647 -2147483647 -2147483647 -2147483647 -2147483647 -2147483647 -2147483647 -2147483647 -2147483647 -2147483647 -2147483647 -2147483647 -2147483647 -2147483647 -2147483647 -2147483647 -2147483647 -2147483647 -2147483647 -2147483647 -2147483647 -2147483647 -2147483647 -2147483647 -2147483647 -2147483647 -2147483647 -2147483647 -2147483647 -2147483647 -2147483647 -2147483647 -2147483647 -2147483647 -2147483647 -2147483647 -2147483647 -2147483647 -2147483647 -2147483647 -2147483647 -2147483647 -2147483647 -2147483647 -2147483647 -2147483647 -2147483647 -2147483647 -2147483647 -2147483647 -2147483647 -2147483647 -2147483647 -2147483647 -2147483647 -2147483647 -2147483647 -2147483647 -2147483647 12 0 16 4 4 4 4
