data/lib_pop.asc
ncols        495
nrows        504
xllcorner    -11.500000000067
yllcorner    4.349999999962
cellsize     0.008333333333
NODATA_value -2147483647
[rows 231 to 263 of 504, columns 148 to 221 of 495]
50 154 19 140 8 5 39 8 49 7 33 23 3 5 6 49 54 39 49 72 13 2 2 3 3 2 14 14 11 13 16 14 14 150 169 132 16 3 10 1 1 13 20 16 57 7 56 46 18 53 10 20 53 7 6 6 8 3 3 4 4 6 7 3 6 4 4 3 5 5 6 6 3 4
206 47 20 14 72 39 39 54 422 7 5 24 41 39 49 93 149 24 13 4 14 3 2 92 2 2 16 16 11 3 13 14 14 151 20 10 14 16 18 8 1 0 1 3 3 53 16 17 19 68 18 58 18 6 4 6 3 36 36 36 5 4 5 3 6 99 6 4 3 4 6 99 6 2
47 17 9 12 8 82 49 54 6 8 5 17 16 89 149 26 3 13 85 35 4 3 3 3 14 17 23 191 152 17 82 10 10 18 9 13 166 218 169 11 0 0 1 4 6 1 2 14 19 18 20 22 22 4 5 0 4 6 6 44 6 36 15 6 6 6 4 6 4 4 6 6 3 4
12 12 19 8 8 21 14 14 44 14 72 25 55 165 7 21 85 85 151 85 35 122 1 1 9 11 75 85 14 14 134 12 147 20 15 15 22 26 20 6 2 3 0 3 5 1 2 12 15 19 20 24 22 4 36 6 6 3 6 6 3 15 6 6 5 2 4 4 6 4 4 6 3 3
17 17 9 6 12 11 14 14 93 14 6 99 165 23 8 47 26 42 45 170 163 7 2 21 29 8 13 13 11 12 118 25 25 22 20 15 22 28 18 1 1 4 2 1 27 1 11 14 61 4 6 20 22 2 3 15 6 6 5 5 4 27 6 15 27 18 4 7 5 2 3 5 3 18
20 20 12 8 11 8 9 12 14 14 89 167 39 32 45 45 42 34 28 16 17 7 2 1 38 9 14 14 11 12 10 15 18 25 22 19 17 26 2 1 3 1 2 65 2 1 13 5 0 2 2 22 18 2 3 6 4 3 11 0 3 6 15 15 11 4 6 3 5 3 5 0 16 16
24 33 59 46 5 39 12 126 14 197 95 83 74 78 85 22 120 202 14 14 22 6 2 1 3 10 13 11 14 11 14 18 11 18 25 19 17 26 7 4 8 65 3 5 14 0 1 2 6 6 6 0 0 4 6 6 4 3 3 3 4 6 20 16 16 6 38 3 5 4 3 4 4 6
106 95 46 41 41 46 57 82 39 69 62 69 31 65 65 85 74 95 13 94 151 1 47 47 10 95 11 14 11 14 25 18 8 2 20 15 19 28 1 16 21 151 22 12 0 0 0 0 0 0 6 7 1 3 15 6 3 3 3 3 6 6 3 2 18 16 3 2 3 0 3 4 4 6
64 95 57 85 95 95 2319 89 99 77 87 87 93 55 16 106 28 14 75 25 20 3 14 22 25 85 8 117 11 25 25 18 8 8 8 11 19 22 4 3 4 2 0 1 1 0 0 0 0 0 0 0 6 6 42 6 4 3 3 4 120 6 16 18 16 5 16 1 1 0 3 3 6 4
24 375 21 76 55 91 84 94 95 93 75 84 99 28 16 28 22 22 3 25 6 28 28 28 85 85 13 16 16 215 25 18 9 8 8 0 2 1 1 1 1 1 2 1 0 0 0 0 0 0 3 3 4 6 1 7 6 6 4 6 6 6 16 18 18 5 7 1 2 1 2 3 4 6
131 10 17 15 10 16 6 7 6 104 62 17 75 22 13 22 26 14 25 213 31 26 6 20 13 14 28 26 16 189 5 4 3 3 5 0 2 2 1 1 1 1 1 2 0 1 0 0 0 0 0 0 6 6 4 6 6 6 6 7 6 4 4 6 3 2 2 2 7 7 14 2 88 2
17 14 37 7 101 7 7 9 20 7 7 20 75 16 11 1 4 22 28 28 26 16 2 20 151 16 28 26 28 172 5 132 4 14 0 0 1 2 0 0 0 1 0 0 0 1 1 0 0 0 0 0 0 6 6 2 2 6 6 6 6 4 4 3 18 5 5 5 2 14 2 6 2 2
20 8 4 6 7 7 9 6 7 6 4 4 53 75 17 20 3 28 14 14 14 14 106 16 16 16 28 1 2 2 2 0 0 0 0 7 0 0 0 0 0 0 0 0 0 0 0 0 0 0 0 1 0 0 3 3 3 3 4 3 3 2 5 8 3 0 3 3 3 3 27 4 6 2
32 16 2 4 6 6 7 251 4 2 4 7 47 53 22 28 28 14 106 65 10 14 28 22 16 28 26 1 118 2 2 1 1 0 0 5 6 6 0 0 0 0 1 0 0 0 0 0 0 1 0 18 0 0 0 7 3 1 4 36 20 2 6 6 3 3 2 5 5 16 3 5 101 40
127 99 2 2 6 7 7 7 3 2 7 7 7 7 95 8 28 189 22 49 39 20 13 16 28 22 1 1 1 1 2 2 0 7 1 7 0 0 0 0 0 0 0 0 0 0 0 0 12 0 147 20 0 0 0 0 0 11 6 15 6 6 3 7 3 3 2 0 0 27 27 3 3 0
13 7 7 11 7 9 20 6 2 96 7 62 7 7 7 7 95 85 11 7 33 33 13 27 35 22 0 1 1 1 1 0 2 1 1 2 1 0 0 0 0 0 0 0 0 0 0 0 9 0 0 36 36 0 0 3 7 11 3 3 6 6 6 6 3 16 2 0 0 0 0 0 0 0
26 26 23 26 57 9 7 6 3 6 7 7 7 7 6 7 104 15 12 55 16 55 16 20 35 1 1 1 0 1 0 1 0 1 1 1 1 0 0 0 0 0 0 0 0 0 0 0 0 0 6 6 6 2 1 3 3 3 94 3 34 6 3 8 7 2 0 0 0 0 0 0 0 0
208 20 16 29 49 109 6 104 3 6 7 104 6 6 6 96 7 4 24 101 69 69 69 97 12 2 2 1 1 5 1 1 1 1 2 2 1 1 0 3 3 0 0 0 0 0 0 0 0 4 6 6 8 3 1 3 3 3 3 4 88 3 2 2 2 0 0 0 0 0 0 0 0 18
146 22 170 29 49 6 4 2 3 6 7 7 98 7 7 7 7 109 7 3 17 20 17 15 198 6 6 1 1 1 1 1 0 1 12 2 1 1 3 3 3 0 0 0 0 0 0 3 4 6 6 7 3 4 2 4 4 4 4 6 3 3 2 1 0 0 0 0 0 0 0 0 0 3
17 101 146 126 97 4 4 3 3 3 6 7 36 7 7 7 7 6 6 4 6 96 13 22 6 4 1 101 3 1 1 1 1 1 1 118 2 2 6 4 4 3 3 3 0 0 0 9 27 101 44 20 3 6 6 6 6 6 6 6 3 5 0 0 0 2 0 0 0 0 0 0 1 0
23 21 21 21 4 6 2 2 29 4 4 4 4 7 6 7 101 6 4 4 7 102 15 10 2 4 6 6 98 3 1 1 1 1 9 2 115 2 6 6 6 6 4 4 9 1 2 9 5 20 20 16 36 6 3 36 6 6 6 6 4 3 2 9 7 0 0 0 0 0 0 0 0 0
18 161 138 132 5 4 92 4 4 4 20 27 4 4 6 7 7 6 6 3 29 3 3 3 2 3 3 3 3 3 6 4 2 2 115 6 4 6 6 20 20 18 3 18 16 3 3 4 3 20 20 16 14 16 0 3 3 99 6 4 3 3 0 0 2 1 2 2 0 0 0 4 2 0
15 63 72 101 4 7 4 101 7 7 7 22 25 7 25 9 7 6 4 6 6 4 3 3 4 6 6 4 6 88 6 6 6 6 6 4 3 4 4 16 6 71 20 3 2 14 14 18 18 98 18 5 9 3 3 0 3 3 5 3 7 2 0 0 0 0 0 1 1 0 0 0 2 0
380 464 60 4 4 4 7 7 6 20 25 22 196 25 25 7 7 7 6 2 6 6 4 4 6 6 6 4 99 4 3 4 4 4 4 3 0 3 3 100 6 6 6 99 6 6 4 6 6 6 4 3 3 3 4 3 6 6 4 3 3 3 1 2 2 0 0 0 0 0 0 0 26 0
76 4 4 4 4 4 3 4 6 7 4 25 25 29 1 6 6 6 6 6 7 6 6 4 101 6 6 4 3 3 3 3 3 3 3 0 0 3 3 2 18 36 6 6 6 6 6 6 6 6 0 0 0 94 6 33 1 4 3 3 3 3 3 4 0 0 0 0 0 0 0 0 26 3
76 5 6 5 4 3 2 3 6 7 44 25 7 6 10 4 6 4 6 6 6 101 6 6 7 6 6 3 3 3 3 3 3 3 3 3 3 3 3 3 16 98 3 2 2 6 6 7 6 6 0 0 3 101 3 10 7 2 3 3 3 3 3 6 6 0 0 0 0 0 0 4 2 1
128 4 4 4 18 23 3 3 6 7 7 7 4 4 6 3 3 4 6 1 2 1 6 6 6 6 6 4 3 3 3 3 0 3 1 3 3 3 3 3 0 6 6 14 2 5 0 2 6 6 3 0 2 6 15 6 4 3 3 0 1 3 3 6 6 6 6 6 2 0 2 6 2 10
27 4 4 4 4 4 6 3 4 6 4 6 5 25 20 3 2 3 1 3 3 3 3 1 6 44 101 6 2 0 0 1 3 0 2 2 3 3 3 3 4 6 6 3 3 3 0 4 0 3 3 0 101 42 15 15 6 6 6 0 0 3 8 9 9 2 1 6 0 4 5 8 10 10
41 2 4 4 101 4 6 2 2 3 3 6 7 37 4 4 7 6 101 6 6 4 3 4 2 3 3 6 6 2 1 7 94 3 34 0 0 0 0 0 4 6 62 3 3 3 3 3 0 2 20 18 6 0 101 15 6 15 100 1 8 5 6 7 10 5 4 6 3 0 8 6 10 7
257 4 4 4 4 4 6 2 2 3 3 3 109 6 7 62 7 7 7 7 7 6 2 3 3 3 0 3 3 2 0 0 27 36 36 0 3 3 3 3 6 101 6 3 3 3 3 0 0 4 20 21 21 3 3 4 6 6 2 3 5 5 6 5 10 8 5 4 2 2 96 5 10 5
4 4 4 4 7 4 4 2 3 2 3 3 3 4 6 6 7 2 96 98 6 6 6 198 22 3 2 71 6 4 4 0 0 0 6 3 4 3 3 3 6 101 4 3 3 3 3 0 3 7 6 6 20 9 0 0 4 3 6 3 11 101 6 10 10 6 5 6 8 5 5 6 49 1
4 7 7 7 7 109 6 6 3 3 3 3 3 3 4 6 7 7 62 7 6 1 3 6 4 6 4 25 6 3 3 3 0 0 3 8 4 3 3 3 62 6 4 3 3 0 0 0 6 7 3 4 3 3 0 3 4 4 7 33 3 2 5 5 5 4 28 10 10 6 1 6 95 10
27 17 6 7 7 4 7 7 6 4 4 4 4 6 1 7 7 7 7 7 6 0 2 29 3 3 88 3 44 3 3 20 3 7 21 14 7 4 3 88 6 6 4 3 0 3 3 4 6 6 16 3 3 3 3 4 6 6 6 3 2 5 98 6 5 5 40 10 10 36 7 6 6 10
